> Long	Lat	Age
3.233	23.617	1994
14.433	-11.683	92
15.033	-12.183	119
13.883	-14.317	133
29.550	-2.867	583
29.150	-0.983	822
29.300	-1.083	803
34.650	28.133	87
34.950	22.850	137.5
34.467	22.700	146
33.617	22.050	131.6
10.583	-0.750	600
13.300	0.133	2143
34.150	-0.567	28
34.383	-0.483	14.3
34.400	-0.483	14.5
34.367	-0.550	7.5
34.500	-0.383	6.6
35.333	-0.067	12.6
36.100	-2.150	2
23.667	22.250	27.6
34.917	-15.117	123
35.600	-15.333	130.9
35.800	-15.533	133
0.000	20.500	262
-11.367	21.067	85
3.100	34.417	47
-4.650	32.567	43
13.817	-17.333	749
16.767	-20.033	126.6
16.117	-20.800	163.2
14.750	-20.350	746
14.183	-21.383	134
15.317	-21.967	500
17.833	-25.867	72.5
16.017	-26.467	48.9
15.717	-27.933	37
17.417	-28.167	514
18.833	-27.550	491
30.283	-23.250	2059
31.133	-24.000	2012
29.817	-24.967	1341
27.167	-23.867	1000
28.433	-25.417	1200
26.883	-28.400	1357
31.433	-28.750	900
29.083	-30.500	63.4
22.800	-29.883	1930
20.850	-32.483	74.6
30.800	12.483	559
35.850	-2.567	1.28
35.917	-2.767	0
35.950	-2.867	0.5
35.417	-3.183	3.91
36.600	-3.367	2.12
35.817	-4.217	1.1
35.400	-4.433	1.2
32.833	-7.700	1040
30.250	0.683	0
30.083	-0.233	0.45
34.200	2.833	15.5
34.283	2.150	22.1
34.283	0.867	32.5
34.183	0.683	40
32.850	-10.167	679
30.017	-15.183	106.5
26.867	-18.150	89
31.717	-19.200	209
32.300	-19.750	127
-123.750	56.450	344
-124.417	55.717	340
-118.883	52.383	202
-119.100	52.400	351
-119.150	52.400	325
-119.183	52.133	328
-116.500	51.500	356.5
-115.917	63.550	1785
-113.967	63.283	2592
-111.000	67.750	2595
-94.667	62.583	2686
-92.000	54.800	1824
-89.917	52.917	1005
-89.600	52.617	1145
-92.283	51.367	2566
-81.017	50.750	1635
-81.167	50.217	1695
-82.083	49.833	1072
-82.817	49.317	1740
-86.717	49.033	1023
-84.667	48.000	1048
-83.083	48.000	1015
-83.183	47.917	1872
-83.167	47.750	1108
-83.317	46.983	1103
-81.717	46.583	1560
-81.233	46.367	1196
-79.583	46.250	560
-79.333	46.250	568
-78.900	46.067	576
-75.867	45.583	930
-75.550	45.467	190
-74.000	45.500	117
-75.533	48.617	973
-75.883	49.583	2691
-75.000	49.767	2640
-73.000	49.500	879
-71.233	48.800	564
-71.067	48.550	642
-58.917	50.833	569
-59.250	55.250	572
-68.833	56.417	1873
-64.983	59.233	572
-75.850	60.283	2659
-33.150	68.617	50.3
-53.100	71.400	600
-51.700	65.383	172
-51.250	66.500	601
-51.750	65.417	2655
-50.000	62.667	150
-49.500	61.900	162
-48.050	61.233	1327
-45.167	61.133	1238
-115.433	48.433	94
-113.333	45.500	95
-104.450	44.483	44.5
-105.467	38.350	528
-105.367	38.267	511
-105.550	38.267	551
-107.050	38.250	579
-115.533	35.483	1415
-92.867	34.450	99
-74.700	41.233	430
-43.367	-9.300	2011
-50.700	-17.500	98
-47.833	-18.133	82.9
-46.833	-18.917	81.6
-46.783	-19.050	80.7
-46.100	-19.350	78.2
-46.950	-19.667	87.2
-46.833	-19.883	69.5
-47.600	-23.433	127.7
-46.783	-24.183	132.8
-47.817	-24.383	143
-48.133	-24.700	131
-49.200	-24.500	103.1
-49.200	-24.750	66.3
-50.250	-27.667	76
-49.150	-27.900	113.1
-57.167	1.983	1025
-55.950	-22.650	128
-56.250	-22.750	98
162.683	-78.250	531
79.000	39.500	332
86.167	41.333	6.3
110.833	38.333	134.8
113.000	40.000	229
115.217	40.367	228
117.833	36.500	127
117.200	34.750	110
110.167	34.667	181
110.000	34.333	206
104.867	33.917	13
106.717	32.450	462
109.833	32.500	264
110.333	31.833	265
95.000	29.500	4.5
102.000	28.833	34
102.000	25.500	1048
103.250	23.250	180.7
109.550	22.717	155
72.517	24.833	67
74.133	24.583	959
74.067	21.983	67
90.833	25.500	107
92.117	25.567	107
92.517	26.017	105.2
93.400	26.200	105
79.933	16.067	1242
77.783	12.167	2436
78.450	12.467	759
78.533	12.417	770
77.800	11.717	685
68.417	53.250	534
68.833	53.167	531
78.683	41.650	322
104.167	44.333	139.9
104.350	44.333	130.6
105.533	42.983	222.2
59.650	21.950	220
32.133	68.717	385
33.783	67.717	368
32.950	67.433	372
32.800	67.417	364
33.500	67.300	505
33.383	66.867	475
34.450	66.583	373.1
30.483	67.567	500
30.117	66.800	391
31.950	66.067	2080
47.800	67.700	517
50.500	64.217	612
60.567	55.983	478
60.233	55.067	312
101.433	70.950	258
103.167	70.967	218
103.467	70.717	238
102.017	70.317	265
102.117	70.000	220
105.417	70.250	239
91.500	59.233	605
87.500	50.200	474
100.467	53.633	628
100.517	53.517	703
100.417	53.450	692
96.533	50.567	404
96.717	50.150	400
103.033	52.050	680
107.067	51.933	122
107.167	51.850	118
107.133	51.650	118
107.483	51.917	118
112.450	54.117	329
114.500	56.600	593
115.083	56.500	624
119.067	58.400	134
125.300	58.400	1941
136.883	59.933	310
135.833	58.750	667
131.000	56.750	700
134.083	44.500	139
31.317	39.617	24.2
122.333	-28.833	2,664
122.533	-28.867	2042
127.933	-16.400	1863
127.167	-19.283	852
134.267	-23.017	733
169.350	-44.100	24.3
23.283	42.933	375
14.183	50.683	31.1
29.450	67.800	360
27.750	65.933	2020
27.650	65.867	1875
27.733	63.133	2609
27.433	61.767	1750
4.233	44.900	8.5
12.200	51.517	89
7.183	50.400	0
6.667	50.250	0.5
7.683	48.067	16.4
8.800	47.767	15.7
12.267	42.867	0.3
12.850	42.600	0.2
12.933	42.417	0.6
13.083	42.100	0.5
15.633	40.967	0.1
22.900	70.583	501
23.167	70.367	483
22.700	70.283	523
9.283	59.300	564
-3.933	38.900	6
22.700	65.667	1142
17.767	62.467	542
17.500	62.500	553
27.017	49.017	1700
28.217	49.267	2060
36.250	47.233	1820
-5.033	57.967	394
-13.983	28.667	27.5
-14.067	28.367	24.2
-24.983	16.850	5.7
-24.700	14.867	1.4
-24.500	14.917	4.2
-23.700	15.100	7.7
-23.167	15.200	8.9
