45.2	-110.347	64.715	Canada
47.1	-110.352	64.696	Canada
47.5	-110.308	64.720	Canada
47.5	-110.344	64.704	Canada
47.8	-110.109	64.803	Canada
47.9	-110.149	64.747	Canada
48	-108.697	47.848	United States
48	-108.699	47.847	United States
48	-110.255	64.753	Canada
50	-108.394	47.846	United States
50	-108.442	47.841	United States
50	-108.729	47.816	United States
50	-108.852	47.865	United States
50	-108.865	47.831	United States
50	-108.906	47.861	United States
50	-108.948	47.898	United States
50	-108.952	47.799	United States
50	-108.952	47.855	United States
50	-108.991	47.878	United States
50	-109.003	47.852	United States
50	-109.011	47.648	United States
50	-109.060	47.779	United States
50	-109.082	47.821	United States
50	-109.106	47.776	United States
50	-109.164	47.789	United States
50	-109.205	47.800	United States
50	-109.213	47.544	United States
50	-109.241	47.800	United States
50	-109.279	47.826	United States
50	-109.289	47.785	United States
50	-109.315	47.796	United States
50	-109.320	47.654	United States
50.8	-110.551	64.725	Canada
51.5	-110.142	64.584	Canada
51.5	-110.505	64.778	Canada
52.1	-110.660	64.682	Canada
52.1	-111.510	65.273	Canada
52.8	-110.378	64.674	Canada
53.1	-110.581	64.737	Canada
53.2	-110.586	64.726	Canada
53.3	-110.600	64.723	Canada
53.3	-110.606	64.716	Canada
54.7	-110.111	64.737	Canada
54.8	-110.037	64.593	Canada
55	-110.680	64.658	Canada
55.2	-110.245	64.484	Canada
55.5	-110.237	64.500	Canada
55.7	-110.290	64.469	Canada
55.8	-110.222	64.548	Canada
55.8	-110.228	64.504	Canada
56	-110.177	64.561	Canada
56	-110.233	64.502	Canada
58.3	-110.537	64.851	Canada
58.4	-110.105	64.548	Canada
58.4	-110.468	64.740	Canada
58.7	-111.105	64.650	Canada
59.5	-110.201	64.825	Canada
59.7	-110.978	64.891	Canada
59.7	-110.981	64.886	Canada
60	-109.133	64.634	Canada
60	-109.241	64.430	Canada
60	-109.293	64.443	Canada
60	-109.355	64.431	Canada
60	-109.361	64.328	Canada
60	-109.372	64.325	Canada
60	-109.389	64.325	Canada
60	-109.448	64.328	Canada
60	-109.449	64.435	Canada
60	-109.468	64.458	Canada
60	-109.487	64.536	Canada
60	-109.495	64.537	Canada
60	-109.546	64.459	Canada
60	-109.609	64.436	Canada
60	-109.617	64.432	Canada
60	-109.629	64.450	Canada
60	-109.635	64.454	Canada
60	-109.710	64.706	Canada
60	-109.779	64.888	Canada
60	-109.817	64.785	Canada
60	-109.823	64.417	Canada
60	-109.823	64.435	Canada
60	-109.850	64.322	Canada
60	-109.852	64.306	Canada
60	-109.857	64.314	Canada
60	-109.857	64.318	Canada
60	-109.862	64.542	Canada
60	-109.885	64.700	Canada
60	-109.917	64.408	Canada
60	-109.920	64.795	Canada
60	-109.928	64.354	Canada
60	-109.954	64.807	Canada
60	-109.963	64.808	Canada
60	-109.995	64.442	Canada
60	-110.002	64.451	Canada
60	-110.006	64.594	Canada
60	-110.013	64.449	Canada
60	-110.017	64.456	Canada
60	-110.056	64.476	Canada
60	-110.078	64.489	Canada
60	-110.099	64.473	Canada
60	-110.104	64.697	Canada
60	-110.106	64.764	Canada
60	-110.124	64.783	Canada
60	-110.126	64.483	Canada
60	-110.134	64.727	Canada
60	-110.139	64.758	Canada
60	-110.144	64.350	Canada
60	-110.148	64.349	Canada
60	-110.181	64.400	Canada
60	-110.261	64.438	Canada
60	-110.262	64.433	Canada
60	-110.278	64.488	Canada
60	-110.292	64.465	Canada
60	-110.311	64.403	Canada
60	-110.311	64.458	Canada
60	-110.350	64.954	Canada
60	-110.355	64.468	Canada
60	-110.383	65.022	Canada
60	-110.413	64.934	Canada
60	-110.422	64.812	Canada
60	-110.447	64.918	Canada
60	-110.450	64.913	Canada
60	-110.470	64.909	Canada
60	-110.513	64.861	Canada
60	-110.643	64.849	Canada
60	-110.654	64.757	Canada
60	-110.693	64.634	Canada
60	-110.750	64.489	Canada
60	-110.769	64.510	Canada
60	-110.772	64.477	Canada
60	-110.774	64.514	Canada
60	-110.790	64.931	Canada
60	-110.826	64.893	Canada
60	-110.889	64.892	Canada
60	-110.893	64.464	Canada
60	-110.895	64.569	Canada
60	-110.895	65.034	Canada
60	-110.896	64.498	Canada
60	-110.901	64.499	Canada
60	-110.913	64.471	Canada
60	-110.919	64.882	Canada
60	-110.963	65.002	Canada
60	-110.967	64.686	Canada
60	-110.988	65.019	Canada
60	-110.990	65.168	Canada
60	-110.994	65.136	Canada
60	-111.008	65.024	Canada
60	-111.014	65.001	Canada
60	-111.016	65.153	Canada
60	-111.019	64.976	Canada
60	-111.022	65.025	Canada
60	-111.034	64.560	Canada
60	-111.041	64.864	Canada
61	17.720	-25.093	Namibia
61.1	-111.099	64.648	Canada
61.3	-110.105	64.534	Canada
63.9	-110.169	64.835	Canada
63.9	-110.908	64.902	Canada
64.1	-110.659	64.846	Canada
67.6	-110.543	64.697	Canada
68.2	-110.167	64.821	Canada
69.1	-110.172	64.641	Canada
70.3	-113.460	57.370	Canada
70.5	-109.894	64.704	Canada
71	-109.951	64.826	Canada
72	-109.849	64.845	Canada
72	-117.717	55.459	Canada
72.4	-113.478	57.338	Canada
72.6	-113.041	57.254	Canada
73	-109.796	64.728	Canada
73	-109.817	64.326	Canada
73	-109.980	64.856	Canada
73.7	-109.854	64.411	Canada
74	-109.816	64.333	Canada
74	-117.715	55.454	Canada
74.7	-110.147	64.829	Canada
75.8	-113.286	57.323	Canada
77.6	-112.883	57.196	Canada
79.4	-113.182	57.307	Canada
86	-115.632	56.939	Canada
87	-115.013	56.341	Canada
87	-115.641	56.896	Canada
87	-115.646	56.894	Canada
87	-115.657	56.656	Canada
88	-113.242	57.343	Canada
88	-114.842	56.955	Canada
88	-115.636	56.974	Canada
88	-92.168	73.575	Canada
89	-113.088	57.442	Canada
89	-114.826	56.915	Canada
89	-79.045	40.708	United States
89	-82.981	38.128	United States
89	-82.996	38.126	United States
90	-114.855	56.947	Canada
90	-114.870	56.843	Canada
90	-114.913	56.862	Canada
90	-115.662	56.784	Canada
90	-115.751	56.777	Canada
90	-115.864	56.704	Canada
90	-115.865	56.831	Canada
90	-115.872	56.862	Canada
90	-115.873	56.702	Canada
92	-115.423	56.848	Canada
92.4	24.652	-28.370	South Africa
93	-115.123	56.974	Canada
94	-104.601	53.479	Canada
94	-104.608	53.482	Canada
94	-104.609	53.471	Canada
94	-104.623	53.474	Canada
94	-104.625	53.484	Canada
94	-104.632	53.491	Canada
94	-104.653	53.500	Canada
94	-104.662	53.507	Canada
94	-104.669	53.511	Canada
94	-104.676	53.508	Canada
94	-104.677	53.511	Canada
94	-104.748	53.231	Canada
94	-104.766	53.576	Canada
94	-104.777	53.265	Canada
94	-104.784	53.274	Canada
94	-104.785	53.285	Canada
94	-104.788	53.251	Canada
94	-104.789	53.230	Canada
94	-104.790	53.258	Canada
94	-104.790	53.289	Canada
94	-105.196	53.430	Canada
94	-115.608	56.920	Canada
94	-115.633	56.978	Canada
95	-115.510	56.656	Canada
96	-90.957	73.520	Canada
96	-92.315	73.472	Canada
96	-92.379	73.369	Canada
96	-92.927	73.334	Canada
96	-93.900	72.860	Canada
96	-94.031	73.134	Canada
96	-94.083	72.833	Canada
99	-90.965	73.475	Canada
99	-91.875	73.303	Canada
99	-91.877	73.301	Canada
99	-91.878	73.308	Canada
99	-91.905	73.294	Canada
99	-91.914	73.304	Canada
99	-91.967	73.291	Canada
99	-91.984	73.303	Canada
99	-91.987	73.285	Canada
99	-92.556	73.467	Canada
99	-92.572	73.315	Canada
99	-93.288	73.503	Canada
99	-94.091	73.118	Canada
100	-104.798	53.259	Canada
100	-104.798	53.360	Canada
100	-104.801	53.237	Canada
100	-104.803	53.262	Canada
100	-104.808	53.292	Canada
100	-104.810	53.269	Canada
100	-104.810	53.278	Canada
100	-104.815	53.238	Canada
100	-104.817	53.245	Canada
100	-104.818	53.284	Canada
100	-104.820	53.293	Canada
100	-104.826	53.341	Canada
100	-104.830	53.206	Canada
100	-104.835	53.308	Canada
100	-104.839	53.296	Canada
100	-104.841	53.976	Canada
100	-104.842	53.331	Canada
100	-104.852	53.986	Canada
100	-104.854	53.703	Canada
100	-104.857	53.346	Canada
100	-104.858	53.336	Canada
100	-104.858	53.341	Canada
100	-104.859	53.303	Canada
100	-104.864	53.259	Canada
100	-104.865	53.306	Canada
100	-104.870	53.267	Canada
100	-104.870	53.380	Canada
100	-104.870	53.396	Canada
100	-104.872	53.374	Canada
100	-104.875	53.276	Canada
100	-104.876	53.390	Canada
100	-104.881	53.351	Canada
100	-104.890	53.305	Canada
100	-104.891	53.285	Canada
100	-104.891	53.290	Canada
100	-104.897	53.296	Canada
100	-104.900	53.365	Canada
100	-104.902	53.401	Canada
100	-104.905	53.272	Canada
100	-104.905	53.409	Canada
100	-104.909	53.440	Canada
100	-104.910	53.408	Canada
100	-104.918	53.393	Canada
100	-104.930	53.400	Canada
100	-104.934	53.362	Canada
100	-104.955	53.444	Canada
100	-104.959	53.476	Canada
100	-104.964	53.489	Canada
100	-104.969	53.436	Canada
100	-105.058	53.474	Canada
100	-105.064	53.465	Canada
100	-105.070	53.574	Canada
100	-105.080	53.476	Canada
100	-105.192	53.403	Canada
100	-105.193	53.425	Canada
100	-105.196	53.418	Canada
103	-115.131	56.984	Canada
103.4	-104.774	53.224	Canada
104	-96.723	39.430	United States
125	-79.505	47.641	Canada
134	-79.801	47.473	Canada
136	-83.782	52.697	Canada
138.8	-79.745	47.452	Canada
142	-79.372	47.569	Canada
142	-79.759	47.490	Canada
146	-76.535	42.455	United States
146	-79.951	48.477	Canada
149	-79.917	39.893	United States
152	-79.707	47.471	Canada
152	28.552	-30.083	Lesotho
152.1	-80.185	48.483	Canada
152.6	-79.751	48.116	Canada
152.6	-79.756	48.124	Canada
153	-79.951	48.477	Canada
153.7	-79.772	47.452	Canada
154	-79.678	47.437	Canada
154	-80.195	48.463	Canada
155	-79.717	47.479	Canada
155.3	-79.835	48.142	Canada
155.5	-79.914	48.282	Canada
155.6	-79.909	48.215	Canada
156	-79.801	48.282	Canada
156.9	-79.880	48.220	Canada
158.9	-79.877	48.251	Canada
159	-79.884	48.236	Canada
160	-83.595	52.761	Canada
160	-83.721	52.666	Canada
160	-83.724	52.660	Canada
160	-83.755	52.613	Canada
160	-83.788	52.764	Canada
160	-83.802	52.760	Canada
160	-83.810	52.778	Canada
160	-83.822	52.741	Canada
160	-83.850	52.842	Canada
160	-83.905	52.834	Canada
160	-83.913	52.836	Canada
165	-80.218	48.473	Canada
170	-112.777	67.164	Canada
170	-113.202	67.139	Canada
170	-83.838	52.793	Canada
170	-83.841	52.790	Canada
170	139.013	-33.147	Australia
172	138.340	-32.373	Australia
173.1	-111.467	66.014	Canada
175	-59.211	55.019	Canada
176	-83.885	52.832	Canada
177	-83.897	52.846	Canada
179	-83.887	52.826	Canada
180	-83.878	52.827	Canada
180	-88.177	46.175	United States
190	-83.611	52.760	Canada
190	-83.768	52.890	Canada
200	-91.201	63.142	Canada
214	-90.860	63.057	Canada
235	-114.969	50.092	Canada