> LONGITUDE (MIN.),	LATITUDE (MIN.), age
68	-72	113.7
87.33	24.25	115.2
-1.4695	38.4667	6.77
-1.58	38.42	7.05
-1.58	38.42	7.03
-1.0935	38.1585	6.99
-1.0935	38.1585	6.26
-1.9528	37.6265	7.32
-1.9528	37.6265	7.27
-1.0847	38.1802	7.77
-1.0978	37.6932	7.93
-1.366	37.9585	7.19
-1.366	37.9585	8.77
-1.9	37.2013	7.04
-1.8475	37.2185	5.36
29.2486	38.95	15.55
29.2486	38.95	15.87
-109.0025	41.8674	0.89
-109.0025	41.8674	0.89
-109.0423	41.8333	0.91
-109.0423	41.8333	0.96
-108.9133	41.7861	0.95
-108.9133	41.7861	1.1
-108.9889	41.9764	1.78
-108.9889	41.9764	1.77
-109.03	41.9	2.03
-109.03	41.9	2.02
-109.1969	41.9628	2.23
-109.1969	41.9628	2.19
-109.0208	41.918	1.47
-109.0208	41.918	1.24
-108.9083	41.9069	2.53
-108.9486	41.8236	0.96
-108.9656	41.8322	0.92
-108.7958	41.8644	1.34
-108.7958	41.8644	1.33
-108.7958	41.8644	0.8
-108.7958	41.8644	0.78
28.8564	38.9391	17.1
-14.88	-73.79	158.6
86	69	238.3
77.3117	15.45	1431
88.1417	69.3067	234.7
88.1417	69.3067	235.14
88.1417	69.3067	236.35
88.1417	69.3067	233
88.1417	69.3067	234.22
88.1417	69.3067	232.45
82.6454	20.835	2469
82.6454	20.835	2465
82.6454	20.835	2510
82.6454	20.835	2450
82.6454	20.835	2475
82.6454	20.835	2437
82.6454	20.835	2512
82.6454	20.835	2501
82.6454	20.835	2472
82.6454	20.835	2417
82.6454	20.835	2274
82.6454	20.835	2472
82.6454	20.835	2435
82.6454	20.835	2466
82.6454	20.835	2458
82.6454	20.835	2302
82.6454	20.835	2474
82.6454	20.835	2462
82.6454	20.835	2487
82.6454	20.835	2495
82.6454	20.835	2492
82.6454	20.835	2463
82.6454	20.835	2458
82.6454	20.835	2494
82.6454	20.835	2486
82.6454	20.835	2483
82.6454	20.835	2471
82.6454	20.835	2444
82.6454	20.835	2387
82.6454	20.835	2459
82.6454	20.835	2387
82.6454	20.835	2474
82.6454	20.835	2480
82.6454	20.835	2454
82.6454	20.835	2485
82.6454	20.835	2513
82.64	20.8346	2368
82.64	20.8346	2260
82.64	20.8346	1898
82.64	20.8346	2413
82.64	20.8346	1873
82.64	20.8346	2100
82.64	20.8346	1716
82.64	20.8346	1805
82.64	20.8346	2302
82.64	20.8346	1392
82.64	20.8346	2059
82.64	20.8346	2047
82.64	20.8346	2401
82.64	20.8346	2242
82.64	20.8346	2078
82.64	20.8346	2351
82.64	20.8346	1621
82.64	20.8346	879
82.64	20.8346	1760
82.64	20.8346	1403
82.64	20.8346	2362
82.64	20.8346	1367
82.64	20.8346	2086
82.64	20.8346	1711
82.64	20.8346	1986
82.64	20.8346	2401
82.64	20.8346	2144
82.64	20.8346	2178
82.64	20.8346	784
82.64	20.8346	750
82.64	20.8346	758
82.6405	20.8342	2484
82.6405	20.8342	2493
82.6405	20.8342	1812
82.6405	20.8342	2428
82.6405	20.8342	2404
82.6405	20.8342	2411
82.6405	20.8342	1882
82.6405	20.8342	721
82.6405	20.8342	1592
82.6405	20.8342	1249
82.6405	20.8342	2466
82.6405	20.8342	2504
82.6405	20.8342	1930
82.6405	20.8342	2394
82.6405	20.8342	1848
82.6405	20.8342	1943
82.6405	20.8342	2383
82.6405	20.8342	740
82.6405	20.8342	820
82.6405	20.8342	1877
82.6405	20.8342	2489
82.6422	20.8333	2036
82.6422	20.8333	2487
82.6422	20.8333	2478
82.6422	20.8333	1913
82.6422	20.8333	2441
82.6422	20.8333	1816
82.6422	20.8333	2465
82.6422	20.8333	1113
82.6422	20.8333	2406
82.6422	20.8333	2445
82.6422	20.8333	2127
82.6422	20.8333	1952
82.6422	20.8333	1844
82.6422	20.8333	1743
82.6422	20.8333	1865
82.6422	20.8333	651
82.6422	20.8333	2361
82.6422	20.8333	1363
82.6422	20.8333	1355
82.6422	20.8333	1881
82.6422	20.8333	2475
82.6422	20.8333	2419
82.6422	20.8333	2432
82.6422	20.8333	1911
82.6422	20.8333	2465
82.6422	20.8333	1829
82.6422	20.8333	1612
82.6422	20.8333	1359
82.6422	20.8333	2383
82.6422	20.8333	2440
82.6422	20.8333	2183
82.6422	20.8333	2207
82.6422	20.8333	1001
82.6422	20.8333	723
82.6422	20.8333	2058
108	27	1571
108	27	667
108	27	931
108	27	1141
108	27	1606
108	27	3277
108	27	1568
108	27	952
108	27	1145
108	27	960
108	27	972
108	27	1028
108	27	548
108	27	404
108	27	2038
108	27	852
108	27	418
108	27	925
108	27	3111
108	27	855
108	27	1038
108	27	2250
108	27	252
108	27	770
108	27	1006
108	27	510
108	27	834
108	27	779
108	27	1039
108	27	1399
108	27	1014
108	27	786
108	27	1957
108	27	966
108	27	992
108	27	513
108	27	251
108	27	612
108	27	1604
108	27	1474
108	27	699
108	27	1685
108	27	668
108	27	1742
108	27	1119
108	27	925
108	27	935
108	27	2561
108	27	1123
108	27	2108
108	27	1059
108	27	844
108	27	547
108	27	429
108	27	614
108	27	1877
108	27	606
108	27	1866
108	27	806
108	27	938
108	27	373
108	27	264
108	27	1794
108	27	790
108	27	834
108	27	357
108	27	2433
108	27	394
108	27	1784
108	27	254
108	27	1382
108	27	2139
108	27	2304
108	27	1725
108	27	275
108	27	283
108	27	1135
108	27	273
108	27	976
108	27	1629
108	27	765
108	27	2199
108	27	2144
108	27	2050
108	27	819
108	27	2217
108	27	1693
108	27	2228
108	27	1426
108	27	1852
108	27	2214
108	27	1751
108	27	970
108	27	1271
108	27	2149
108	27	2239
108	27	2191
108	27	712
108	27	1243
108	27	2257
108	27	2212
108	27	1522
108	27	2183
108	27	2196
108	27	1229
108	27	2188
108	27	2145
108	27	1072
108	27	1055
108	27	2199
108	27	2238
108	27	2374
108	27	274
108	27	2178
108	27	1339
108	27	1649
108	27	2259
108	27	2265
108	27	1211
108	27	1119
108	27	2205
108	27	474
108	27	2236
108	27	1716
108	27	1775
108	27	275
108	27	1767
108	27	1108
108	27	1176
108	27	261
108	27	1706
108	27	283
108	27	277
108	27	722
108	27	921
108	27	2084
108	27	1810
108	27	2206
108	27	2157
108	27	1817
108	27	1036
108	27	266
108	27	2033
108	27	289
108	27	1462
108	27	796
108	27	706
108	27	1818
108	27	1791
108	27	952
108	27	719
108	27	2027
108	27	2078
108	27	954
108	27	276
108	27	1649
108	27	2122
108	27	1982
108	27	768
108	27	842
108	27	270
108	27	1642
108	27	1141
108	27	1382
108	27	276
108	27	275
108	27	2217
108	27	1978
108	27	2188
108	27	794
108	27	1815
108	27	1340
108	27	1861
108	27	1643
108	27	269
108	27	1726
108	27	1618
108	27	916
108	27	1095
108	27	274
108	27	1804
108	27	2058
108	27	1985
108	27	2174
108	27	808
108	27	1341
108	27	271
108	27	274
108	27	2115
108	27	2120
108	27	2024
108	27	1501
108	27	2098
108	27	1140
108	27	1293
108	27	2107
108	27	1778
108	27	278
108	27	2205
108	27	260
108	27	1710
108	27	1804
108	27	2361
108	27	995
108	27	721
108	27	1703
108	27	353
108	27	339
108	27	263
108	27	1200
108	27	1532
108	27	1643
108	27	557
108	27	268
108	27	1487
108	27	1712
108	27	767
108	27	1796
108	27	2172
108	27	2149
108	27	2231
108	27	1769
108	27	2184
108	27	1695
108	27	1922
108	27	2146
108	27	841
108	27	1793
108	27	983
108	27	1254
108	27	1909
108	27	2023
108	27	986
108	27	1171
108	27	1777
108	27	1975
108	27	2228
108	27	1000
108	27	1554
108	27	2158
108	27	1716
108	27	2139
108	27	1979
108	27	2203
108	27	954
108	27	284
108	27	290
108	27	899
108	27	689
108	27	264
124.9711	-17.4402	21.97
124.7282	-17.4572	23.01
124.8154	-17.4877	21.64
124.803	-17.5187	21.83
124.8591	-17.5638	22.47
124.9274	-17.6139	20.99
124.8847	-17.6297	22.05
124.9663	-17.6883	21.39
125.3992	-17.7512	20.34
125.8884	-17.8205	20.24
124.5776	-17.8573	21.29
124.3169	-17.9569	19.68
124.3169	-17.9569	19.25
124.7982	-18.1872	21.02
124.7982	-18.1872	20.3
124.8209	-18.3706	20.3
124.8725	-18.3914	20.71
124.7369	-18.4135	20.07
124.7933	-18.4281	19.84
124.8603	-18.5294	20.14
124.8603	-18.5294	20.4
124.5644	-18.5808	19.56
124.8665	-18.3099	17.477
124.8665	-18.3099	17.508
124.8665	-18.3099	17.49
124.8665	-18.3099	17.349
