# Age	Deep_ocean_temp 	"(Scotese et al., ESR, 2021)"
0	4	
0.02	4	
3	4	
4	4	
6	3	
10	4	
15	8	
20	7	
25	10	
30	10	
33	9	
35	12	
40	15	
42	17	
45	16	
50	19	
55	18	
56	19	
60	16	
65	17	
70	15	
75	15	
80	16	
85	18	
90	21	
93	22	
95	20	
100	17	
105	15	
110	15	
113	12	
115	13	
120	16	
125	13	
130	13	
135	12	
140	12	
145	10	
150	13	
155	15	
156	16	
160	13	
165	15	
170	14	
171	13	
175	16	
177	17	
180	17	
185	14	
190	15	
195	16	
200	18	
203	14	
210	19	
215	19	
220	17	
223	16	
230	18	
235	16	
240	19	
245	22	
250	27	
254	12	
255	11	
259	12	
260	10	
265	8	
270	7	
275	5	
280	3	
285	5	
290	3	
295	1	
299	3	
300	1	
305	3	
310	3	
312	3	
318	2	
320	3	
325	9	
326	9	
330	11	
335	10	
339	11	
340	11	
346	11	
350	13	
355	15	
360	10	
365	12	
370	17	
373	16	
375	16	
380	11	
385	15	
390	13	
399	8	
403	15	
407	8	
413	12	
420	9	
425	7	
430	8	
437	10	
444	0	
450	6	
463	10	
470	11	
475	12	
480	13	
490	15	
500	14	
510	12	
520	18	
528	18	
540	22	
585	7.701438	
585.1202882	7.6949134	
585.3274331	7.6824636	
585.4086322	7.6771894	
585.4898314	7.6715631	
585.5710305	7.6655388	
585.6522296	7.6584029	
585.7907722	7.646812	
585.9293149	7.6321526	
586.0678576	7.6146579	
586.2064003	7.5970464	
586.3449429	7.579051	
586.8067519	7.5198574	
587.0277611	7.490973	
587.2487704	7.4620662	
587.4697797	7.433527	
587.690789	7.4052477	
587.9117983	7.377389	
587.9974722	7.3667946	
588.083146	7.356205	
588.1688199	7.3456478	
588.2544938	7.3356962	
588.3401676	7.3215575	
588.5312392	7.278532	
588.7223107	7.2350311	
588.9133823	7.1914282	
589.1044538	7.148139	
589.2955254	7.1063638	
589.3773158	7.0890803	
589.4591062	7.0724301	
589.5408966	7.0564971	
589.6226871	7.0432224	
589.7786512	7.0150414	
589.9346153	6.9960561	
590.0905794	6.9833097	
590.2465435	6.9706044	
590.4025076	6.9582305	
590.5481463	6.946733	
590.6937849	6.935432	
590.8394236	6.9244905	
590.9850622	6.9150229	
591.4705244	6.8826733	
591.9559865	6.851542	
592.074307	6.843926	
592.1926274	6.836267	
592.3109478	6.8285947	
592.4292682	6.82094	
592.5475886	6.8132334	
592.94199	6.7876968	
593.053371	6.7806411	
593.164752	6.7735958	
593.276133	6.7665734	
593.387514	6.7595825	
593.498895	6.7526307	
593.5624536	6.7486815	
593.6260123	6.7447281	
593.689571	6.7407532	
593.7531296	6.7359581	
593.9649918	6.7226057	
594.176854	6.7085299	
594.3887161	6.6937313	
594.4520856	6.6885595	
594.5154551	6.6831579	
594.5788245	6.67661	
594.6299069	6.6713467	
594.6809893	6.6657557	
594.7320718	6.6599722	
594.7831542	6.6564045	
594.9534288	6.6291723	
595.1237035	6.5986123	
595.2939782	6.5679016	
595.3671816	6.5546312	
595.440385	6.5413227	
595.5135884	6.5279884	
595.5867918	6.5147452	
595.8274012	6.4704094	
596.0680107	6.4251866	
596.3086202	6.3797855	
596.5492296	6.334105	
596.7029761	6.3049278	
596.8567225	6.2757435	
597.010469	6.2464495	
597.1642155	6.2173657	
597.3179619	6.1875267	
597.5902516	6.1367731	
597.8625413	6.0812078	
598.1348309	6.0221148	
598.4071206	5.9618869	
598.4954981	5.9421835	
598.5838756	5.9224072	
598.6722531	5.9025931	
598.7606306	5.8826122	
598.8534636	5.8617468	
598.9462966	5.8409534	
599.0391297	5.8203344	
599.1319627	5.7999392	
599.2247957	5.7804761	
599.3443321	5.7557793	
599.4638685	5.7325134	
599.5834049	5.7117329	
599.7029413	5.6892424	
599.8055018	5.6741614	
599.9080622	5.6624022	
600.0106227	5.6557837	
600.0662494	5.6521978	
600.1218762	5.6486168	
600.1775029	5.6450357	
600.2526116	5.6402111	
600.3277203	5.6353998	
600.402829	5.6305919	
600.492829	5.6248484	
600.582829	5.6191063	
600.672829	5.6132689	
600.942829	5.5967021	
601.212829	5.5803375	
601.482829	5.5639706	
601.752829	5.5475826	
601.842829	5.5421085	
601.932829	5.5366254	
602.022829	5.5311298	
602.112829	5.5256352	
602.3206972	5.5129466	
602.5285655	5.5002508	
602.7364337	5.4874973	
602.9443019	5.4747324	
603.637196	5.432384	
603.7104814	5.4278784	
603.7837668	5.423368	
603.8570521	5.4188528	
603.9303375	5.4143124	
604.1746222	5.3991756	
604.4189068	5.383935	
604.6631914	5.3685684	
604.8706844	5.3554158	
605.0781774	5.3421469	
605.2856704	5.3283286	
605.4931635	5.3164334	
606.1848068	5.2723126	
606.5589578	5.2484322	
606.9331089	5.2248197	
607.3072599	5.2010665	
607.6814109	5.177134	
607.78946	5.1702662	
607.8975091	5.1634083	
608.0055582	5.1566	
608.1136073	5.1498742	
608.4737709	5.1274557	
608.5428427	5.1232033	
608.6119145	5.1189537	
608.6809863	5.1146865	
608.7500581	5.1097035	
608.9802975	5.0954285	
609.2105368	5.0810742	
609.4407762	5.0657816	
609.5037869	5.0610714	
609.5667975	5.0561442	
609.6298082	5.0510602	
609.6928189	5.0472374	
609.9028544	5.0248456	
610.020109	5.0097852	
610.1373636	4.9946642	
610.2546182	4.9794512	
610.3718728	4.9641228	
610.4891273	4.9485645	
610.5791273	4.9365053	
610.6691273	4.9243135	
610.7591273	4.9119921	
610.8491273	4.9001122	
611.1491273	4.8556175	
611.2502617	4.8406167	
611.3513962	4.8256192	
611.4525306	4.8106346	
611.553665	4.7956228	
611.6138907	4.7866883	
611.6741164	4.7776899	
611.7343422	4.768537	
612.0917844	4.716485	
612.4492266	4.6640596	
612.8066689	4.6107774	
613.1641111	4.556612	
613.2664095	4.5409694	
613.3687079	4.5252652	
613.4710063	4.5095663	
613.5733047	4.4950142	
613.8433243	4.4539189	
614.1133439	4.4134173	
614.3833636	4.3736672	
614.6533832	4.3367529	
614.8392614	4.3157611	
615.0251396	4.303299	
615.2110177	4.2910671	
615.3968959	4.2791781	
615.4715589	4.2745838	
615.5462218	4.2700911	
615.6208847	4.2657337	
615.6955477	4.2615104	
615.7684477	4.2575655	
615.8413477	4.253726	
615.9142477	4.2499552	
615.9871477	4.2466393	
616.0600477	4.2456055	
616.8700477	4.2071528	
617.6800477	4.1717768	
618.4900477	4.1400533	
618.5710477	4.1369095	
618.6520477	4.1337643	
618.7330477	4.1306143	
618.8140477	4.1274595	
618.8950477	4.1242981	
618.9220477	4.1232419	
618.9490477	4.1221848	
618.9760477	4.1211271	
619.0030477	4.1200633	
619.0300477	4.1188331	
619.3300477	4.1068883	
619.6300477	4.095437	
619.9300477	4.0829277	
620.2300477	4.0701361	
620.7720253	4.0469379	
621.3140029	4.0239205	
621.8559805	4.001018	
622.3979581	3.9781976	
622.9399357	3.9556005	
623.2612255	3.9422426	
623.5825153	3.9290071	
623.9038051	3.9158912	
624.2250949	3.9029229	
624.3321374	3.8987546	
624.4391799	3.894671	
624.5462223	3.8906746	
624.6532648	3.886729	
624.7603073	3.8834054	
625.1171156	3.8701596	
625.3382689	3.8625805	
625.5594222	3.8547339	
625.7805755	3.8459692	
626.0017287	3.8297455	
626.7389063	3.7762375	
627.0137909	3.7554541	
627.2886755	3.7348561	
627.5635601	3.7144849	
627.8384447	3.6937604	
628.1133292	3.6724112	
628.2831603	3.6592729	
628.4529914	3.6462026	
628.6228225	3.6332045	
628.7926536	3.6199112	
628.9624847	3.6053002	
629.1323158	3.5901003	
629.1715047	3.5865085	
629.2106935	3.5828676	
629.2498824	3.5791755	
629.2890712	3.5753889	
629.32826	3.5710685	
629.4588895	3.557822	
629.6177301	3.5382171	
629.7765707	3.5200667	
629.9354112	3.4958491	
630.0942518	3.4678922	
630.1502711	3.4585824	
630.2062904	3.4496484	
630.2623098	3.4411488	
630.3183291	3.433006	
630.3743484	3.4270849	
630.4913349	3.4142849	
630.6083214	3.4057429	
630.7253079	3.4039426	
630.8422944	3.404783	
630.8962085	3.4094884	
630.9501227	3.4168551	
631.0040368	3.4285469	
631.1166419	3.4523916	
631.2086628	3.4719827	
631.3006837	3.4915323	
631.3927046	3.511163	
631.4847254	3.5308564	
631.5343595	3.5415573	
631.5839936	3.5522778	
631.6336276	3.5631611	
631.7292836	3.5841179	
631.8249396	3.6056042	
631.9205956	3.6260798	
632.0162517	3.6426826	
632.0546458	3.6493242	
632.09304	3.6559525	
632.1314342	3.6625695	
632.1698283	3.6686907	
632.5964302	3.740998	
632.642035	3.7485261	
632.6876397	3.7560148	
632.7332445	3.7634652	
632.7788493	3.7709396	
632.9308651	3.7952166	
633.082881	3.8188653	
633.2423097	3.8432899	
633.4017385	3.8673847	
633.5611672	3.8908699	
633.7205959	3.9137778	
633.8800246	3.9364429	
633.9612877	3.9479442	
634.0425509	3.9593871	
634.123814	3.9708364	
634.2050771	3.9824567	
634.2863402	3.9950397	
634.4719402	4.0231895	
634.6575401	4.051177	
634.84314	4.0799356	
635.02874	4.1218576	
635.2143399	4.1814847	
635.3563252	4.2268114	
635.4983104	4.270319	
635.6402957	4.308847	
635.7822809	4.3467693	
635.8517659	4.3607469	
635.921251	4.3718767	
635.990736	4.3781257	
636.2223527	4.3949003	
636.2995583	4.4004889	
636.3767639	4.406086	
636.4539694	4.4116793	
636.6037931	4.4225101	
636.7536167	4.4334655	
636.9034404	4.4446201	
636.9533816	4.4483457	
637.0033228	4.452105	
637.053264	4.4558673	
637.0699111	4.4571204	
637.0865582	4.458374	
637.1032052	4.4596109	
637.2881727	4.4735718	
637.3498285	4.4782228	
637.4114843	4.4828753	
637.4731401	4.4872112	
637.7731401	4.5100698	
638.0731401	4.5334597	
638.3731401	4.5568914	
638.6459174	4.5782914	
638.9186947	4.5998406	
639.191472	4.6214709	
639.4292164	4.6404352	
639.6669609	4.6593623	
639.9047053	4.6781034	
640.1424497	4.6966786	
640.3005548	4.7091746	
640.4586598	4.7215066	
640.6167649	4.7339621	
640.77487	4.7467527	
640.932975	4.7600694	
641.4599919	4.8010812	
641.8234053	4.8300223	
642.1868187	4.8591294	
642.5502321	4.8885231	
642.9136454	4.9185295	
643.2770588	4.9483519	
643.3134002	4.9513693	
643.3497415	4.9544039	
643.3860828	4.9574575	
643.4224242	4.960536	
643.4587655	4.9636464	
643.565692	4.9731436	
643.6726184	4.983036	
643.7795449	4.9931936	
643.8864714	5.0038939	
643.9933978	5.0167427	
644.3498194	5.0577574	
644.4173187	5.0653849	
644.484818	5.0728407	
644.5523173	5.0800695	
644.6198166	5.0870209	
644.6873159	5.0935407	
644.7402741	5.0983992	
644.7932323	5.1029739	
644.8461904	5.1072645	
644.8991486	5.1114998	
644.9773811	5.1158633	
645.0556136	5.1196198	
645.1338461	5.1234288	
645.2120785	5.1271019	
645.2871899	5.1308212	
645.3623012	5.1346722	
645.4374126	5.1388597	
645.4660588	5.1404562	
645.494705	5.1420512	
645.5233512	5.1440477	
645.6023763	5.1490946	
645.6814013	5.1545439	
645.7604263	5.1603813	
645.8394513	5.163682	
646.102868	5.1967449	
646.252527	5.2155523	
646.4021859	5.2342649	
646.5518448	5.2530851	
646.7015037	5.2722082	
646.8511626	5.2923956	
647.3500257	5.3532467	
647.6845185	5.3953876	
648.0190114	5.4380827	
648.3535043	5.481504	
648.6879972	5.52385	
648.7555724	5.53162	
648.8231476	5.5391507	
648.8907228	5.5463257	
648.958298	5.5532885	
649.0500301	5.5617933	
649.1417622	5.5703192	
649.2334943	5.5789309	
649.2715853	5.5825095	
649.3096764	5.5861163	
649.3477674	5.5896749	
649.4111279	5.5957079	
649.4744884	5.6018658	
649.537849	5.6084232	
649.566434	5.6114187	
649.5950191	5.6144524	
649.6236041	5.6171999	
649.6521892	5.6140437	
649.9196913	5.6504326	
650.1871934	5.6944962	
650.4546955	5.738687	
650.7221976	5.7850246	
650.9016471	5.8054829	
651.0810966	5.819828	
651.2605461	5.8341427	
651.3203626	5.8389173	
651.3801791	5.8436909	
651.4399956	5.8485913	
651.66018	5.8661733	
651.8803643	5.8832397	
652.1005487	5.89996	
652.2478921	5.9111948	
652.3952355	5.9223661	
652.5425788	5.9335375	
652.5916933	5.9372616	
652.6408078	5.9409847	
652.6899222	5.9447012	
652.7444939	5.9488263	
652.7990655	5.9529495	
652.8536371	5.9571075	
653.0355425	5.9707289	
653.0961777	5.9752693	
653.1568128	5.9798098	
653.2174479	5.9843521	
653.2848203	5.9893975	
653.3521927	5.994441	
653.4195651	5.9994869	
653.4944233	6.0050964	
653.5692814	6.0106993	
653.6441396	6.0163345	
653.8232901	6.0296254	
654.0024406	6.0426893	
654.1815911	6.0560589	
654.7787595	6.0998659	
654.9623253	6.1132393	
655.1458911	6.1266389	
655.3294569	6.1401229	
655.3906455	6.1446157	
655.4518341	6.1491251	
655.5130227	6.1536407	
655.58101	6.158679	
655.6489973	6.1637335	
655.7169847	6.1684217	
655.9436091	6.1861839	
656.2436091	6.2103548	
656.5436091	6.2337904	
656.8436091	6.2582617	
657.1436091	6.2827973	
658.1436091	6.3675661	
659.1436091	6.4553661	
659.3699196	6.4752426	
659.5962301	6.4952183	
659.8225406	6.515234	
660.0488511	6.5356226	
660.3488511	6.5622902	
660.6488511	6.5886288	
660.9488511	6.617413	
661.2488511	6.646668	
661.4500367	6.6663332	
661.6512223	6.6859565	
661.8524079	6.705554	
662.0535935	6.7253113	
662.7242122	6.7917633	
662.9942122	6.8184919	
663.2642122	6.8451748	
663.5342122	6.8714981	
663.5612122	6.8741283	
663.5882122	6.8767414	
663.6152122	6.8791904	
663.9152122	6.9086113	
664.2152122	6.9379921	
664.5152122	6.96802	
664.7168552	6.9883513	
664.9184981	7.0093222	
665.1201411	7.0307012	
665.1930411	7.0384436	
665.2659411	7.0461707	
665.3388411	7.0538802	
665.3631411	7.0564504	
665.3874411	7.0590243	
665.4117411	7.061554	
665.5017411	7.0710196	
665.5917411	7.0804529	
665.6817411	7.0898771	
665.7717411	7.0998287	
666.0717411	7.1290531	
666.2387701	7.1453342	
666.4057991	7.1615949	
666.5728281	7.1778064	
666.7398571	7.1939039	
667.2966204	7.2483087	
667.3866204	7.2570429	
667.4766204	7.2658033	
667.5666204	7.2738786	
667.9970313	7.3152466	
668.4274422	7.3567543	
668.8578531	7.398314	
669.288264	7.4396458	
669.3313051	7.4437399	
669.3743462	7.4478264	
669.4173873	7.4519029	
669.4604284	7.4559741	
669.5034695	7.4599934	
669.6059155	7.4695807	
669.7083615	7.4790711	
669.8108076	7.4884367	
669.9132536	7.4976053	
669.9605915	7.5017743	
670.0079295	7.5058608	
670.0552674	7.5099382	
670.1026054	7.5139923	
670.2249573	7.5244927	
670.3473093	7.5349803	
670.4696612	7.5459113	
670.5558116	7.5535746	
670.641962	7.5613308	
670.7281124	7.569119	
670.8142629	7.5758567	
671.1014309	7.6074867	
671.3885989	7.6389627	
671.6174032	7.6638694	
671.8462075	7.6885381	
672.0750119	7.7129011	
672.3038162	7.7378941	
673.0664973	7.8171973	
673.1427655	7.8249941	
673.2190336	7.8327603	
673.2953017	7.8404789	
673.3715698	7.8481078	
673.5639689	7.8674102	
673.756368	7.8865619	
673.948767	7.905015	
674.1411661	7.9229555	
674.3335652	7.9406428	
674.4597662	7.9521699	
674.5859672	7.9635725	
674.7121682	7.9749041	
674.8383691	7.9861097	
674.9652534	7.9967732	
675.0921376	8.0071926	
675.2190218	8.0175905	
675.345906	8.0279694	
675.4315547	8.0348244	
675.5172033	8.0415926	
675.602852	8.0482903	
675.6885007	8.0574284	
675.9739962	8.0713072	
676.0285421	8.0735226	
676.0830881	8.0757561	
676.137634	8.0780058	
676.1921799	8.0801811	
676.2467259	8.0818195	
676.4285456	8.0872736	
676.6103654	8.0934324	
676.7921852	8.1001177	
676.9740049	8.0959969	
677.123499	8.0906544	
677.272993	8.0856609	
677.4224871	8.0801439	
677.5719811	8.0735855	
677.7214752	8.0627508	
678.2197887	8.0549011	
678.5518164	8.0453453	
678.8838441	8.0341101	
679.2158718	8.0191784	
679.5478995	8.0031471	
679.6414519	8.00144	
679.7350042	8.0008135	
679.8285566	8.0008307	
679.9221089	8.0027924	
680.0156613	8.0091572	
680.3275024	7.9445186	
680.6393436	7.8785148	
680.9511847	7.8103852	
681.2630259	7.7379308	
681.4125033	7.7028418	
681.5619806	7.6635761	
681.711458	7.6251926	
681.8609353	7.5819974	
682.0104127	7.4967146	
682.5086706	7.2284279	
683.0069284	6.9314051	
683.1672554	6.8357382	
683.3275824	6.7399364	
683.4879093	6.6440845	
683.6482363	6.5478692	
683.8085633	6.4508657	
683.9042187	6.3930302	
683.999874	6.3352265	
684.0955294	6.2773514	
684.1911848	6.2191663	
684.2868402	6.1592374	
684.6056915	5.9634428	
684.9245428	5.7666225	
685.1610653	5.617033	
685.3975879	5.4653625	
685.6341104	5.3140445	
685.870633	5.1669955	
686.1071555	5.007441	
686.2467247	4.9154882	
686.3862938	4.8292418	
686.525863	4.7510252	
686.6654322	4.683207	
686.7554322	4.6474032	
686.8454322	4.6178389	
686.9354322	4.5987906	
687.0254322	4.5931211	
687.3254322	4.573915	
687.6254322	4.5543075	
687.9254322	4.534338	
688.2254322	4.5139217	
688.5254322	4.4928718	
688.8254322	4.4712005	
689.1254322	4.4488196	
689.4254322	4.4264054	
689.8248727	4.3943443	
690.2243131	4.360424	
690.6237536	4.3253131	
691.0231941	4.2876959	
691.4226346	4.2483201	
691.5731983	4.2327743	
691.7237621	4.2169666	
691.8743258	4.2007771	
692.0248896	4.1837053	
692.1754533	4.1666045	
692.2839434	4.1542888	
692.3924335	4.1419821	
692.5009236	4.1297102	
692.6094137	4.1176515	
692.7179037	4.1063433	
692.9895581	4.0756817	
693.2612124	4.0441141	
693.5328667	4.0121269	
693.8045211	3.9788585	
694.0761754	3.9430542	
694.1277476	3.9357257	
694.1793199	3.9281476	
694.2308922	3.9202971	
694.2824644	3.9121282	
694.3340367	3.9034491	
694.5059442	3.8708665	
694.6334229	3.842459	
694.7609016	3.8120449	
694.8883803	3.7782903	
695.015859	3.7281668	
695.1433377	3.6766682	
695.5682667	3.5057518	
695.6995508	3.4530988	
695.8308349	3.4005136	
695.9621191	3.3480666	
696.0934032	3.2955637	
696.2246874	3.2411985	
696.6623012	3.0653169	
697.099915	2.8934405	
697.5375288	2.719547	
697.6554051	2.6726003	
697.7732815	2.625778	
697.8911578	2.5791113	
698.0090341	2.5328617	
698.1269105	2.4871101	
698.2447868	2.44138	
698.4813672	2.3527219	
698.7179476	2.2684829	
698.954528	2.1910446	
699.1911084	2.1226044	
699.4276888	2.0662398	
699.5101796	2.0496891	
699.5926703	2.0348849	
699.6751611	2.0213175	
699.7576518	1.9970783	
700.032621	1.992725	
700.3075902	1.9880342	
700.5825594	1.9828428	
701.4991233	1.9642534	
701.7991233	1.9570932	
702.0991233	1.9494686	
702.3991233	1.9413062	
702.6991233	1.9326226	
702.9991233	1.9235166	
703.2546554	1.9152997	
703.5101875	1.9067906	
703.7657196	1.8980337	
704.0212517	1.8889296	
704.216076	1.8820229	
704.4109003	1.8751118	
704.6057245	1.8682928	
704.8005488	1.8614962	
704.9953731	1.8554792	
705.2600787	1.8470805	
705.5247843	1.8390942	
705.7894899	1.8327528	
706.0541955	1.8294433	
706.2984901	1.8259358	
706.5427847	1.8220141	
706.7870793	1.8177018	
707.0313739	1.8130227	
707.2631553	1.8083652	
707.4949366	1.8023181	
707.726718	1.791216	
707.9584993	1.7794386	
708.1502345	1.7691487	
708.3419696	1.7583539	
708.5337048	1.7470211	
708.7254399	1.7351686	
708.9171751	1.72305	
709.5562923	1.6772121	
709.7157884	1.6646729	
709.8752844	1.6516224	
710.0347805	1.6380408	
710.1942766	1.6238928	
710.3537727	1.6090735	
710.4847199	1.5964496	
710.615667	1.5834104	
710.7466142	1.5699421	
710.8775614	1.5559958	
711.0056735	1.541576	
711.1337856	1.5269978	
711.2618977	1.5122905	
711.3900098	1.4975158	
711.8170502	1.4465319	
711.9731025	1.4275558	
712.1291549	1.4083421	
712.2852072	1.3889047	
712.4412596	1.3692523	
712.597312	1.3494524	
712.8191159	1.3208606	
713.0409199	1.2915926	
713.2627239	1.2620577	
713.4845279	1.2325121	
713.7063319	1.2031053	
713.7957179	1.1910503	
713.8851039	1.178609	
713.9744899	1.1648796	
714.0638759	1.1466966	
714.3052659	1.0983434	
714.5466559	1.0506728	
714.7880459	1.0036021	
715.0294359	0.95580328	
715.2708258	0.9100374	
715.3135557	0.90218222	
715.3562855	0.89441037	
715.3990154	0.88672322	
715.4417452	0.87912118	
715.484475	0.87156761	
715.6269078	0.8473385	
715.7027373	0.8349641	
715.7785668	0.82296014	
715.8543963	0.81122762	
715.9302257	0.79980701	
716.0060552	0.78928071	
716.1389238	0.77085936	
716.2717925	0.75250095	
716.4046611	0.73421502	
716.5375297	0.7160151	
716.5742997	0.71099699	
716.6110697	0.70598704	
716.6478396	0.70098662	
716.6846096	0.69600767	
716.7733479	0.68399245	
716.8620861	0.67201453	
716.9508243	0.66011912	
717.0395625	0.64749575	
717.1283008	0.63402939	
717.4240949	0.58916599	
717.5274165	0.57350534	
717.6307382	0.55785245	
717.7340599	0.54220855	
717.8373815	0.52657419	
717.9407032	0.51095402	
718.0275169	0.49784097	
718.1143307	0.48473743	
718.2011444	0.47164512	
718.2879581	0.45856345	
718.3713877	0.44600782	
718.4548172	0.43346566	
718.5382467	0.42092937	
718.6216763	0.40839446	
718.7051058	0.39590478	
718.9832042	0.35079658	
719.2613027	0.30546534	
719.3967481	0.28328818	
719.5321935	0.26104087	
719.6676389	0.23865846	
719.8030843	0.21605012	
719.9385297	0.19333994	
720.0240448	0.18395336	
720.10956	0.18716039	
720.1950752	0.19014801	
720.2805903	0.19288628	
720.3661055	0.19534396	
720.4826609	0.19817109	
720.5992164	0.20032944	
720.7157718	0.2019009	
720.8323272	0.23658878	
720.9488827	0.25091407	
721.095585	0.25227404	
721.2422873	0.25370085	
721.3889896	0.25503162	
721.8779972	0.26037514	
722.1903988	0.26421842	
722.5028003	0.26813865	
722.8152019	0.27237847	
723.1276034	0.27710116	
723.440005	0.2818948	
723.5693823	0.2838991	
723.6987595	0.28591317	
723.8281368	0.28793055	
723.9575141	0.28995332	
723.975949	0.29024136	
723.9943839	0.29052961	
724.0128189	0.29081798	
724.0312538	0.29110578	
724.0496887	0.29135931	
724.2545211	0.29444385	
724.4257982	0.29686934	
724.5970753	0.29950181	
724.7683525	0.3024103	
724.9396296	0.30504358	
725.1109067	0.30866069	
725.2407041	0.31209123	
725.3705016	0.31664103	
725.500299	0.32264116	
725.6300965	0.33060586	
725.7995247	0.34361798	
725.8553695	0.34914762	
725.9112142	0.35504249	
725.967059	0.3617394	
726.0229037	0.36927849	
726.0787485	0.37677619	
726.2393972	0.39840224	
726.4000458	0.41998258	
726.5606945	0.4415496	
726.7213432	0.46305498	
727.2568387	0.53312242	
727.3103883	0.54009122	
727.3639378	0.54705226	
727.4174874	0.5539999	
727.4710369	0.5609349	
727.5911164	0.57646173	
727.7111959	0.59194309	
727.8312754	0.6073662	
727.9513549	0.6226511	
728.0714344	0.63781178	
728.284374	0.66463757	
728.4973137	0.69139493	
728.7102534	0.7181471	
728.923193	0.74481177	
729.1361327	0.77168208	
729.2374033	0.7844758	
729.3386739	0.79727823	
729.4399446	0.80960751	
729.5412152	0.82655811	
729.878784	0.86865938	
729.9485736	0.87804955	
730.0183632	0.88761073	
730.0881529	0.89705616	
730.1579425	0.90637279	
730.2277322	0.91571385	
730.4603644	0.94417018	
730.5159406	0.95050639	
730.5715168	0.95660436	
730.627093	0.96250278	
730.6826693	0.96950948	
730.8679234	0.98597825	
731.0531775	0.99578559	
731.2384315	1.0057201	
731.8559452	1.0386589	
732.4734588	1.0719962	
732.65021	1.0816207	
732.8269612	1.0912805	
733.0037124	1.1009686	
733.1804636	1.1106992	
733.3018918	1.1173999	
733.4233201	1.1241128	
733.5447484	1.1308343	
733.6661766	1.1375768	
733.7876049	1.144282	
733.9815248	1.1550119	
734.1754447	1.1657449	
734.3693646	1.1764613	
734.5632845	1.1870832	
734.5924537	1.1886668	
734.6216229	1.1902446	
734.650792	1.1918175	
734.6799612	1.1933944	
734.7091304	1.1954194	
735.0332322	1.2119819	
735.3573341	1.2286478	
735.5237424	1.2372493	
735.6901507	1.2458689	
735.856559	1.254483	
736.0229672	1.262898	
736.5776615	1.2916656	
736.7763891	1.3019764	
736.9751166	1.3121895	
737.1738442	1.322428	
737.3725718	1.3327086	
737.6012132	1.3445725	
737.8298547	1.3564332	
738.0584962	1.3681815	
738.2871376	1.379981	
738.4310928	1.3874178	
738.575048	1.3948781	
738.7190032	1.4023721	
738.8629584	1.4100928	
739.3428091	1.4349158	
739.5426743	1.4455543	
739.7425395	1.4563316	
739.9424047	1.4676073	
740.1422699	1.479082	
740.3279572	1.489803	
740.5136444	1.5005506	
740.6993317	1.5113589	
740.885019	1.5221833	
741.0707062	1.5330411	
741.3325622	1.5484296	
741.5944182	1.5638984	
741.8562741	1.5793664	
742.1181301	1.5947886	
742.3799861	1.6101934	
742.5518598	1.620304	
742.7237335	1.630336	
742.8956073	1.6402359	
743.067481	1.649915	
743.2393547	1.659299	
743.328015	1.6640222	
743.4166752	1.6686119	
743.5053354	1.6730444	
743.5939957	1.6773257	
743.6716104	1.6808772	
743.7492251	1.6842895	
743.8268398	1.68751	
743.9044545	1.6901686	
743.9820692	1.6879354	
744.2407848	1.686919	
744.4995004	1.6887712	
744.7582161	1.6924472	
745.0169317	1.6559842	
745.3323729	1.604579	
745.6478141	1.5500236	
745.9632552	1.5579582	
746.3527497	1.578351	
746.7422441	1.603256	
747.1317386	1.6387866	
747.3447079	1.6596267	
747.5576773	1.6715497	
747.7706466	1.7085316	
747.983616	1.746527	
748.2312584	1.7937281	
748.4789008	1.8423545	
748.7265431	1.8932289	
748.9741855	1.9505391	
749.2218279	2.0127482	
749.2811889	2.0286117	
749.3405499	2.0449696	
749.399911	2.0618808	
749.459272	2.0793712	
749.518633	2.097764	
749.5883534	2.1201732	
749.6580739	2.1437783	
749.7277943	2.1687508	
749.7975148	2.1951792	
749.8508733	2.2165058	
749.9042319	2.2387326	
749.9575905	2.2622092	
750.010949	2.2866042	
750.1888109	2.3722279	
750.2278675	2.3907728	
750.2669241	2.405951	
750.3059807	2.4200191	
750.3450374	2.4339085	
750.384094	2.4475403	
750.5142826	2.490798	
750.6444713	2.5313866	
750.77466	2.5703959	
750.9048486	2.606277	
750.9891907	2.6250536	
751.0735328	2.6432433	
751.1578749	2.6613982	
751.242217	2.6795068	
751.3265591	2.6975603	
751.3546731	2.703567	
751.3827872	2.709568	
751.4109012	2.7155633	
751.4390152	2.7215533	
751.4671293	2.7275376	
751.4983671	2.7341795	
751.5296049	2.7408147	
751.5608427	2.7474418	
751.5920805	2.7540603	
751.6233183	2.760669	
751.7175692	2.780539	
751.8118201	2.800307	
751.9060709	2.8199782	
752.0003218	2.8395433	
752.0945727	2.8597059	
752.4087422	2.9217844	
752.5228948	2.9435344	
752.6370475	2.9645662	
752.7512001	2.9852355	
752.8653528	3.0055048	
752.9795054	3.023416	
753.1692206	3.0528307	
753.3589357	3.0832474	
753.5486509	3.1150451	
753.738366	3.1487427	
753.9280812	3.1853163	
754.1177964	3.2260766	
754.2046306	3.2466648	
754.2914649	3.2687421	
754.3782991	3.2926278	
754.4651334	3.3186157	
754.5519677	3.3471045	
754.5851956	3.358747	
754.6184235	3.3708556	
754.6516515	3.3834684	
754.6848794	3.3966711	
754.7323441	3.4165072	
754.7977038	3.4456296	
754.8408987	3.4663301	
754.8840937	3.488112	
754.9272887	3.5110278	
754.9704837	3.5356336	
755.0270745	3.5704885	
755.1028	3.6169519	
755.1785256	3.6631968	
755.2542511	3.7090995	
755.3299766	3.7544909	
755.4057021	3.8002977	
755.6581205	3.9496961	
755.9105389	4.0963545	
756.1629573	4.2398157	
756.4153757	4.3810611	
756.6677941	4.5208607	
756.7354918	4.5580435	
756.8031894	4.5951171	
756.8708871	4.6320515	
756.9385848	4.6688089	
757.0062824	4.7056236	
757.0739801	4.7433338	
757.299639	4.8646469	
757.5252979	4.9829507	
757.7509568	5.1001563	
757.8096141	5.1306353	
757.8682713	5.1611242	
757.9269286	5.1916275	
757.9855859	5.2221122	
758.0442432	5.2528229	
758.1119945	5.2883925	
758.1797457	5.3242745	
758.247497	5.3605461	
758.3152483	5.3972726	
758.3607561	5.4222937	
758.4062639	5.4475799	
758.4517716	5.4731865	
758.4972794	5.4993181	
758.524994	5.5153351	
758.5527086	5.5316672	
758.5804232	5.5463839	
758.6081378	5.5568557	
758.6358524	5.567297	
758.714025	5.5965686	
758.7921977	5.6254716	
758.8703704	5.6540542	
758.948543	5.6822906	
759.0267157	5.70995	
759.1048883	5.7379675	
759.2433802	5.7850051	
759.3818721	5.8289328	
759.5203639	5.8689442	
759.6588558	5.9052916	
759.7973476	5.9392605	
759.8916486	5.9586997	
759.9859496	5.9689879	
760.0802505	5.9776988	
760.1745515	5.9863834	
760.2688524	5.9950027	
760.384196	6.0053821	
760.4995397	6.0155954	
760.6148833	6.0257249	
760.7302269	6.0357995	
760.8455706	6.0460329	
761.2300493	6.0746636	
761.2828497	6.078589	
761.3356501	6.082509	
761.3884504	6.086421	
761.4412508	6.0903196	
761.4940512	6.0941782	
761.609383	6.1026344	
761.7247148	6.1110101	
761.8400466	6.1192665	
761.9553784	6.1273012	
762.0396916	6.1330719	
762.1240048	6.1388288	
762.208318	6.1445646	
762.2926311	6.1502824	
762.3472898	6.1539903	
762.4019485	6.1577058	
762.4566072	6.1614037	
762.5112659	6.1651053	
762.5659246	6.1688223	
762.6258544	6.1729422	
762.6857842	6.1770992	
762.7457139	6.1812935	
762.8056437	6.1855197	
762.8655735	6.1898179	
762.9255032	6.1947875	
763.3442564	6.2262211	
763.7630095	6.2595329	
764.1817626	6.294342	
764.6005158	6.3281155	
765.0192689	6.363553	
765.2078251	6.3791685	
765.3963813	6.3938589	
765.5849375	6.4178905	
765.7734937	6.4235401	
765.9620499	6.4328084	
766.483884	6.4454784	
767.0057182	6.471971	
767.5275524	6.4989266	
767.6387146	6.5047326	
767.7498767	6.5105815	
767.8610389	6.5164676	
767.972201	6.5223951	
768.0833632	6.5283737	
768.1737651	6.5332665	
768.264167	6.5382061	
768.354569	6.5431552	
768.4449709	6.5481467	
768.5353728	6.5531301	
768.6257747	6.5584769	
768.7933972	6.5677776	
768.9610197	6.57687	
769.1286422	6.584971	
769.2962647	6.5913358	
769.4638872	6.5949969	
769.5159531	6.5953465	
769.568019	6.5951905	
769.6200848	6.594492	
769.6721507	6.5932446	
769.7242166	6.5912762	
769.774165	6.5885458	
769.8241134	6.5846596	
769.8740618	6.5798092	
769.9240101	6.5747666	
769.9739585	6.5684319	
770.0239069	6.5605659	
770.1352475	6.5436349	
770.2465881	6.5275359	
770.3579287	6.5127754	
770.4692693	6.4988465	
770.5806099	6.4885535	
770.6919505	6.4838023	
770.7773128	6.4814568	
770.8626751	6.4807181	
770.9480374	6.4843826	
771.0333998	6.4932246	
771.1187621	6.5013876	
771.4033031	6.5311246	
771.6557673	6.5578337	
771.9082314	6.5819693	
772.1606956	6.6047764	
772.4131598	6.6276336	
772.665624	6.6503325	
772.7349334	6.6564798	
772.8042429	6.6625981	
772.8735524	6.6687021	
772.9428618	6.6747732	
773.0121713	6.6808238	
773.180412	6.6954632	
773.3486527	6.7101879	
773.5168934	6.7250233	
773.6851342	6.7401791	
773.8533749	6.756012	
774.0216156	6.7726364	
774.1266653	6.7839842	
774.2317149	6.7963166	
774.3367645	6.8100624	
774.4418142	6.8258381	
774.5468638	6.8447719	
774.5988142	6.8551922	
774.6507646	6.8664503	
774.702715	6.8776975	
774.7546654	6.8885884	
774.9278335	6.9452	
775.1010015	7.0189261	
775.2741696	7.0902648	
775.3619728	7.1254835	
775.449776	7.1597266	
775.5375792	7.1928492	
775.6253824	7.2244978	
775.6379569	7.2288485	
775.6505313	7.2331614	
775.6631057	7.237504	
775.6756802	7.2393713	
775.8443847	7.2978368	
776.0130892	7.3305483	
776.2180354	7.3708944	
776.4229815	7.4119301	
776.4596734	7.4194231	
776.4963653	7.4269819	
776.5330573	7.4346142	
776.5697492	7.4423442	
776.6064411	7.4500704	
776.7287475	7.4771757	
776.851054	7.5061784	
776.9733604	7.5376363	
777.0956668	7.5729804	
777.1775326	7.5988483	
777.2593985	7.6267729	
777.3412643	7.6568174	
777.4231301	7.6904545	
777.4552627	7.7040234	
777.4873952	7.7200599	
777.5195278	7.7303724	
777.5516603	7.7310286	
777.6587688	7.7332158	
777.7658774	7.735393	
777.8729859	7.7375832	
778.0829357	7.7417984	
778.2928856	7.7459393	
778.5028355	7.7499795	
778.7127853	7.7538872	
778.9227352	7.7575984	
778.9690014	7.7583809	
779.0152676	7.7591491	
779.0615338	7.759903	
779.1078	7.7606406	
779.1540662	7.7613616	
779.3082869	7.7636294	
779.4625076	7.765646	
779.5122849	7.7662382	
779.5620622	7.7667961	
779.6118394	7.7673206	
779.6616167	7.7678094	
779.679746	7.7679772	
779.6978754	7.7681403	
779.7160047	7.7682991	
779.734134	7.7684522	
779.7569425	7.7686367	
779.779751	7.7688131	
779.8025595	7.76898	
779.825368	7.7691374	
779.8481765	7.769278	
779.9242049	7.7697673	
780.0002332	7.7700515	
1000	7.7700515	