# age (Ma) paleotemperature mean, min, max (deg C)
0.00	14.25	13.00	15.50
1.00	14.73	13.53	15.93
2.00	15.12	13.88	16.36
3.00	15.50	14.19	16.81
4.00	15.88	14.49	17.27
5.00	16.24	14.77	17.72
6.00	16.60	15.05	18.14
7.00	16.93	15.33	18.53
8.00	17.25	15.60	18.89
9.00	17.54	15.86	19.23
10.00	17.83	16.12	19.54
11.00	18.09	16.34	19.85
12.00	18.33	16.51	20.15
13.00	18.54	16.65	20.43
14.00	18.73	16.78	20.69
15.00	18.92	16.91	20.93
16.00	19.08	17.02	21.14
17.00	19.21	17.11	21.32
18.00	19.30	17.16	21.44
19.00	19.33	17.16	21.49
20.00	19.29	17.10	21.48
21.00	19.21	16.98	21.45
22.00	19.07	16.81	21.33
23.00	18.88	16.61	21.14
24.00	18.66	16.39	20.94
25.00	18.45	16.15	20.74
26.00	18.23	15.91	20.55
27.00	18.00	15.64	20.36
28.00	17.77	15.37	20.17
29.00	17.61	15.15	20.06
30.00	17.53	15.00	20.06
31.00	17.51	14.92	20.10
32.00	17.56	14.92	20.20
33.00	17.70	15.01	20.39
34.00	17.93	15.18	20.68
35.00	18.25	15.42	21.08
36.00	18.68	15.75	21.61
37.00	19.17	16.16	22.17
38.00	19.68	16.64	22.72
39.00	20.22	17.16	23.28
40.00	20.79	17.75	23.83
41.00	21.38	18.38	24.39
42.00	21.97	19.00	24.94
43.00	22.52	19.56	25.49
44.00	23.03	20.02	26.04
45.00	23.50	20.41	26.58
46.00	23.91	20.75	27.07
47.00	24.27	21.04	27.50
48.00	24.60	21.29	27.90
49.00	24.86	21.51	28.22
50.00	25.05	21.67	28.43
51.00	25.14	21.73	28.56
52.00	25.12	21.68	28.56
53.00	25.04	21.58	28.50
54.00	24.91	21.43	28.39
55.00	24.72	21.17	28.26
56.00	24.47	20.82	28.11
57.00	24.14	20.41	27.87
58.00	23.76	19.96	27.55
59.00	23.35	19.48	27.23
60.00	22.94	18.98	26.90
61.00	22.51	18.46	26.57
62.00	22.08	17.93	26.23
63.00	21.59	17.41	25.77
64.00	21.13	16.91	25.35
65.00	20.74	16.42	25.06
66.00	20.40	15.98	24.82
67.00	20.11	15.59	24.63
68.00	19.87	15.27	24.48
69.00	19.71	15.07	24.35
70.00	19.63	15.00	24.26
71.00	19.61	15.01	24.21
72.00	19.64	15.05	24.22
73.00	19.75	15.24	24.27
74.00	20.03	15.71	24.35
75.00	20.41	16.30	24.53
76.00	20.91	16.95	24.86
77.00	21.50	17.66	25.34
78.00	22.16	18.43	25.89
79.00	22.87	19.23	26.50
80.00	23.62	20.07	27.17
81.00	24.42	20.94	27.89
82.00	25.28	21.89	28.66
83.00	26.19	22.90	29.48
84.00	27.14	23.93	30.35
85.00	28.10	24.91	31.28
86.00	29.03	25.81	32.25
87.00	29.90	26.60	33.20
88.00	30.70	27.28	34.11
89.00	31.42	27.85	34.98
90.00	32.01	28.31	35.71
91.00	32.45	28.66	36.24
92.00	32.79	28.92	36.65
93.00	33.09	29.12	37.05
94.00	33.28	29.28	37.28
95.00	33.33	29.37	37.28
96.00	33.31	29.40	37.21
97.00	33.19	29.35	37.03
98.00	32.95	29.24	36.67
99.00	32.62	29.09	36.16
100.00	32.27	28.92	35.62
101.00	31.93	28.70	35.15
102.00	31.55	28.41	34.69
103.00	31.13	28.02	34.24
104.00	30.70	27.56	33.83
105.00	30.28	27.10	33.47
106.00	29.90	26.62	33.17
107.00	29.52	26.14	32.90
108.00	29.15	25.65	32.64
109.00	28.78	25.16	32.41
110.00	28.44	24.67	32.22
111.00	28.13	24.17	32.08
112.00	27.82	23.68	31.97
113.00	27.53	23.18	31.88
114.00	27.25	22.69	31.80
115.00	26.96	22.21	31.72
116.00	26.68	21.74	31.63
117.00	26.42	21.32	31.52
118.00	26.17	20.96	31.37
119.00	25.92	20.64	31.20
120.00	25.67	20.34	31.00
121.00	25.43	20.06	30.79
122.00	25.20	19.80	30.61
123.00	25.00	19.54	30.46
124.00	24.81	19.29	30.33
125.00	24.62	19.04	30.20
126.00	24.44	18.80	30.08
127.00	24.25	18.56	29.95
128.00	24.07	18.31	29.82
129.00	23.88	18.07	29.70
130.00	23.70	17.83	29.57
131.00	23.52	17.59	29.44
132.00	23.33	17.35	29.31
133.00	23.15	17.12	29.19
134.00	22.97	16.88	29.06
135.00	22.79	16.65	28.93
136.00	22.61	16.42	28.81
137.00	22.43	16.19	28.68
138.00	22.26	15.96	28.55
139.00	22.08	15.74	28.43
140.00	21.91	15.52	28.30
141.00	21.74	15.31	28.17
142.00	21.57	15.09	28.05
143.00	21.40	14.89	27.92
144.00	21.24	14.68	27.79
145.00	21.08	14.48	27.67
146.00	20.92	14.29	27.55
147.00	20.77	14.10	27.43
148.00	20.62	13.92	27.31
149.00	20.48	13.76	27.19
150.00	20.34	13.61	27.08
151.00	20.22	13.47	26.96
152.00	20.10	13.35	26.85
153.00	20.00	13.25	26.76
154.00	19.92	13.15	26.68
155.00	19.83	13.05	26.62
156.00	19.76	12.96	26.56
157.00	19.69	12.87	26.51
158.00	19.62	12.78	26.47
159.00	19.56	12.70	26.43
160.00	19.50	12.62	26.39
161.00	19.45	12.54	26.36
162.00	19.40	12.47	26.33
163.00	19.36	12.40	26.31
164.00	19.31	12.34	26.29
165.00	19.27	12.28	26.27
166.00	19.24	12.22	26.25
167.00	19.20	12.16	26.24
168.00	19.17	12.11	26.23
169.00	19.14	12.06	26.23
170.00	19.12	12.01	26.22
171.00	19.09	11.96	26.22
172.00	19.07	11.92	26.22
173.00	19.05	11.88	26.22
174.00	19.03	11.84	26.22
175.00	19.02	11.81	26.23
176.00	19.01	11.78	26.24
177.00	19.00	11.76	26.24
178.00	19.00	11.74	26.26
179.00	19.00	11.73	26.28
180.00	19.01	11.72	26.30
181.00	19.02	11.72	26.33
182.00	19.04	11.72	26.36
183.00	19.06	11.72	26.40
184.00	19.08	11.72	26.44
185.00	19.11	11.73	26.48
186.00	19.14	11.75	26.53
187.00	19.18	11.77	26.59
188.00	19.22	11.80	26.64
189.00	19.27	11.84	26.70
190.00	19.33	11.88	26.77
191.00	19.39	11.93	26.84
192.00	19.46	11.99	26.92
193.00	19.54	12.06	27.02
194.00	19.64	12.15	27.13
195.00	19.76	12.26	27.26
196.00	19.90	12.39	27.41
197.00	20.07	12.55	27.58
198.00	20.27	12.75	27.79
199.00	20.48	12.96	28.01
200.00	20.70	13.17	28.24
201.00	20.93	13.38	28.48
202.00	21.15	13.59	28.72
203.00	21.38	13.80	28.96
204.00	21.61	14.01	29.20
205.00	21.83	14.22	29.44
206.00	22.06	14.44	29.68
207.00	22.28	14.65	29.91
208.00	22.50	14.86	30.14
209.00	22.72	15.07	30.37
210.00	22.94	15.28	30.59
211.00	23.16	15.50	30.82
212.00	23.37	15.71	31.04
213.00	23.57	15.89	31.25
214.00	23.74	16.03	31.46
215.00	23.90	16.14	31.66
216.00	24.03	16.24	31.82
217.00	24.15	16.35	31.94
218.00	24.25	16.45	32.04
219.00	24.33	16.55	32.12
220.00	24.41	16.64	32.19
221.00	24.49	16.71	32.26
222.00	24.56	16.78	32.33
223.00	24.62	16.85	32.40
224.00	24.69	16.91	32.47
225.00	24.76	16.97	32.54
226.00	24.82	17.03	32.61
227.00	24.89	17.09	32.68
228.00	24.95	17.14	32.75
229.00	25.01	17.20	32.82
230.00	25.07	17.25	32.90
231.00	25.14	17.30	32.97
232.00	25.20	17.36	33.04
233.00	25.26	17.41	33.11
234.00	25.32	17.46	33.18
235.00	25.38	17.52	33.25
236.00	25.45	17.57	33.32
237.00	25.51	17.63	33.39
238.00	25.57	17.68	33.46
239.00	25.64	17.74	33.54
240.00	25.70	17.79	33.61
241.00	25.76	17.85	33.68
242.00	25.83	17.91	33.75
243.00	25.89	17.97	33.82
244.00	25.96	18.03	33.89
245.00	26.03	18.10	33.96
246.00	26.10	18.17	34.03
247.00	26.18	18.25	34.11
248.00	26.26	18.33	34.18
249.00	26.34	18.42	34.25
250.00	26.42	18.51	34.33
			
			
			
			
			
			
			
			
			
			
			
			
			
			
			
			
			
			
			
			